1209 605 127 127 174
-604 318
-602 -300
-600 -314
-598 -244
-596 242
-594 252
-592 198
-590 -232
-588 -222
-586 268
-584 -322
-582 -328
-580 254
-578 -200
-576 -262
-574 -172
-572 -182
-570 308
-568 190
-566 -288
-564 -230
-562 -332
-560 238
-558 -316
-556 186
-554 304
-552 -134
-550 396
-548 158
-546 164
-544 354
-542 -292
-540 -130
-538 -188
-536 394
-534 -356
-532 410
-530 196
-528 -206
-526 -4
-524 178
-522 212
-520 -194
-518 -408
-516 214
-514 -428
-512 -418
-510 -192
-508 406
-506 216
-504 -298
-502 -36
-500 270
-498 -168
-496 -438
-494 -8
-492 62
-490 -20
-488 -38
-486 228
-484 26
-482 284
-480 -34
-478 40
-476 -442
-474 72
-472 422
-470 -236
-468 -14
-466 -400
-464 358
-462 -28
-460 46
-458 32
-456 -218
-454 -392
-452 -10
-450 -24
-448 226
-446 -48
-444 366
-442 476
-440 378
-438 -484
-436 -162
-434 -436
-432 -266
-430 -184
-428 -434
-426 524
-424 482
-422 260
-420 -330
-418 208
-416 -522
-414 416
-412 286
-410 344
-408 518
-406 204
-404 -382
-402 256
-400 486
-398 280
-396 470
-394 -390
-392 -554
-390 -560
-388 -290
-386 180
-384 166
-382 -248
-380 -258
-378 220
-376 -274
-374 240
-372 510
-370 520
-368 174
-366 -404
-364 282
-362 432
-360 -370
-358 264
-356 -202
-354 -224
-352 -234
-350 584
-348 338
-346 592
-344 352
-342 -312
-340 -542
-338 564
-336 -210
-334 360
-332 -526
-330 420
-328 582
-326 456
-324 -250
-322 368
-320 -302
-318 556
-316 430
-314 276
-312 -494
-310 -296
-308 326
-306 -572
-304 -594
-302 -512
-300 -342
-298 320
-296 566
-294 -364
-292 346
-290 -596
-288 562
-286 -340
-284 278
-282 324
-280 -538
-278 -548
-276 -414
-274 -464
-272 -246
-270 -580
-268 574
-266 604
-264 294
-262 544
-260 -310
-258 272
-256 -454
-254 -336
-252 -546
-250 528
-248 490
-246 424
-244 558
-242 -588
-240 534
-238 -380
-236 -458
-234 -448
-232 530
-230 412
-228 -306
-226 600
-224 590
-222 -372
-220 -334
-218 -444
-216 386
-214 -388
-212 -550
-210 376
-208 -426
-206 -568
-204 -586
-202 -348
-200 374
-198 -384
-196 -570
-194 460
-192 -350
-190 -532
-188 598
-186 58
-184 398
-182 -576
-180 -602
-178 540
-176 362
-174 -472
-172 -44
-170 66
-168 498
-166 -552
-164 -578
-162 -18
-160 60
-158 -78
-156 506
-154 6
-152 -96
-150 54
-148 -104
-146 504
-144 12
-142 22
-140 56
-138 110
-136 88
-134 -70
-132 -64
-130 -30
-128 -112
-126 -74
-124 -16
-122 -90
-120 -402
-118 2
-116 -68
-114 94
-112 -132
-110 142
-108 -100
-106 42
-104 -116
-102 -508
-100 140
-98 496
-96 -466
-94 536
-92 -52
-90 102
-88 84
-86 -146
-84 -108
-82 106
-80 148
-78 -150
-76 156
-74 126
-72 144
-70 114
-68 502
-66 50
-64 -160
-62 516
-60 152
-58 118
-56 478
-54 440
-52 -514
-50 -86
-48 -76
-46 452
-44 80
-42 98
-40 128
-38 488
-36 -120
-34 480
-32 -136
-30 -122
-28 446
-26 -138
-24 -462
-22 -154
-20 -450
-18 -170
-16 -92
-14 -492
-12 124
-10 -468
-8 474
-6 82
-4 176
-2 500
0 0
2 -500
4 -176
6 -82
8 -474
10 468
12 -124
14 492
16 92
18 170
20 450
22 154
24 462
26 138
28 -446
30 122
32 136
34 -480
36 120
38 -488
40 -128
42 -98
44 -80
46 -452
48 76
50 86
52 514
54 -440
56 -478
58 -118
60 -152
62 -516
64 160
66 -50
68 -502
70 -114
72 -144
74 -126
76 -156
78 150
80 -148
82 -106
84 108
86 146
88 -84
90 -102
92 52
94 -536
96 466
98 -496
100 -140
102 508
104 116
106 -42
108 100
110 -142
112 132
114 -94
116 68
118 -2
120 402
122 90
124 16
126 74
128 112
130 30
132 64
134 70
136 -88
138 -110
140 -56
142 -22
144 -12
146 -504
148 104
150 -54
152 96
154 -6
156 -506
158 78
160 -60
162 18
164 578
166 552
168 -498
170 -66
172 44
174 472
176 -362
178 -540
180 602
182 576
184 -398
186 -58
188 -598
190 532
192 350
194 -460
196 570
198 384
200 -374
202 348
204 586
206 568
208 426
210 -376
212 550
214 388
216 -386
218 444
220 334
222 372
224 -590
226 -600
228 306
230 -412
232 -530
234 448
236 458
238 380
240 -534
242 588
244 -558
246 -424
248 -490
250 -528
252 546
254 336
256 454
258 -272
260 310
262 -544
264 -294
266 -604
268 -574
270 580
272 246
274 464
276 414
278 548
280 538
282 -324
284 -278
286 340
288 -562
290 596
292 -346
294 364
296 -566
298 -320
300 342
302 512
304 594
306 572
308 -326
310 296
312 494
314 -276
316 -430
318 -556
320 302
322 -368
324 250
326 -456
328 -582
330 -420
332 526
334 -360
336 210
338 -564
340 542
342 312
344 -352
346 -592
348 -338
350 -584
352 234
354 224
356 202
358 -264
360 370
362 -432
364 -282
366 404
368 -174
370 -520
372 -510
374 -240
376 274
378 -220
380 258
382 248
384 -166
386 -180
388 290
390 560
392 554
394 390
396 -470
398 -280
400 -486
402 -256
404 382
406 -204
408 -518
410 -344
412 -286
414 -416
416 522
418 -208
420 330
422 -260
424 -482
426 -524
428 434
430 184
432 266
434 436
436 162
438 484
440 -378
442 -476
444 -366
446 48
448 -226
450 24
452 10
454 392
456 218
458 -32
460 -46
462 28
464 -358
466 400
468 14
470 236
472 -422
474 -72
476 442
478 -40
480 34
482 -284
484 -26
486 -228
488 38
490 20
492 -62
494 8
496 438
498 168
500 -270
502 36
504 298
506 -216
508 -406
510 192
512 418
514 428
516 -214
518 408
520 194
522 -212
524 -178
526 4
528 206
530 -196
532 -410
534 356
536 -394
538 188
540 130
542 292
544 -354
546 -164
548 -158
550 -396
552 134
554 -304
556 -186
558 316
560 -238
562 332
564 230
566 288
568 -190
570 -308
572 182
574 172
576 262
578 200
580 -254
582 328
584 322
586 -268
588 222
590 232
592 -198
594 -252
596 -242
598 244
600 314
602 300
604 -318
