1221
-610 -288
-608 266
-606 -256
-604 -342
-602 236
-600 214
-598 -352
-596 222
-594 -232
-592 202
-590 348
-588 -182
-586 -252
-584 -258
-582 -180
-580 274
-578 -224
-576 174
-574 -216
-572 -322
-570 -344
-568 294
-566 -360
-564 238
-562 280
-560 166
-558 -172
-556 178
-554 -108
-552 314
-550 336
-548 210
-546 284
-544 -394
-542 400
-540 -378
-538 192
-536 414
-534 -204
-532 -318
-530 -148
-528 -374
-526 -248
-524 2
-522 -176
-520 234
-518 328
-516 6
-514 -444
-512 -146
-510 196
-508 54
-506 -384
-504 -186
-502 -376
-500 18
-498 448
-496 -30
-494 4
-492 -50
-490 -12
-488 58
-486 -436
-484 -262
-482 -494
-480 -286
-478 8
-476 -458
-474 60
-472 -398
-470 -44
-468 22
-466 -268
-464 -330
-462 -24
-460 -250
-458 -40
-456 -350
-454 438
-452 -218
-450 -492
-448 454
-446 -32
-444 246
-442 -212
-440 442
-438 480
-436 334
-434 -520
-432 -386
-430 264
-428 194
-426 272
-424 486
-422 324
-420 538
-418 496
-416 -142
-414 188
-412 -310
-410 276
-408 198
-406 -220
-404 -226
-402 -160
-400 506
-398 312
-396 -390
-394 540
-392 254
-390 -200
-388 206
-386 536
-384 402
-382 -240
-380 158
-378 552
-376 306
-374 -408
-372 -510
-370 208
-368 190
-366 524
-364 -522
-362 420
-360 450
-358 -228
-356 382
-354 -468
-352 602
-350 -296
-348 -290
-346 -368
-344 230
-342 320
-340 -366
-338 -244
-336 -298
-334 -572
-332 -598
-330 -504
-328 -546
-326 -416
-324 -242
-322 356
-320 574
-318 608
-316 354
-314 300
-312 -282
-310 -600
-308 278
-306 -292
-304 -562
-302 596
-300 -302
-298 424
-296 370
-294 -372
-292 -358
-290 568
-288 -542
-286 -396
-284 -570
-282 -564
-280 590
-278 -340
-276 -582
-274 604
-272 326
-270 -260
-268 362
-266 532
-264 586
-262 308
-260 270
-258 576
-256 -558
-254 364
-252 -422
-250 332
-248 518
-246 544
-244 430
-242 -556
-240 -338
-238 304
-236 406
-234 -380
-232 594
-230 -412
-228 -346
-226 432
-224 426
-222 -388
-220 554
-218 -592
-216 410
-214 -512
-212 610
-210 428
-208 -478
-206 508
-204 -498
-202 -404
-200 606
-198 580
-196 566
-194 -584
-192 550
-190 -560
-188 -530
-186 316
-184 534
-182 66
-180 -578
-178 -516
-176 434
-174 528
-172 418
-170 -82
-168 -76
-166 -588
-164 16
-162 392
-160 56
-158 -90
-156 68
-154 46
-152 84
-150 -34
-148 -28
-146 10
-144 52
-142 -14
-140 20
-138 -62
-136 -120
-134 -94
-132 36
-130 -440
-128 80
-126 130
-124 88
-122 -98
-120 -92
-118 126
-116 -64
-114 -122
-112 -48
-110 38
-108 526
-106 548
-104 116
-102 -70
-100 128
-98 -134
-96 -100
-94 -74
-92 112
-90 -42
-88 -466
-86 26
-84 168
-82 106
-80 -124
-78 -472
-76 156
-74 118
-72 104
-70 -170
-68 -140
-66 -150
-64 502
-62 488
-60 -164
-58 114
-56 184
-54 -464
-52 -482
-50 460
-48 -144
-46 86
-44 96
-42 -102
-40 474
-38 -500
-36 -470
-34 110
-32 -514
-30 154
-28 -136
-26 -162
-24 446
-22 -78
-20 132
-18 476
-16 490
-14 -138
-12 152
-10 -484
-8 72
-6 -456
-4 -462
-2 452
0 0
2 -452
4 462
6 456
8 -72
10 484
12 -152
14 138
16 -490
18 -476
20 -132
22 78
24 -446
26 162
28 136
30 -154
32 514
34 -110
36 470
38 500
40 -474
42 102
44 -96
46 -86
48 144
50 -460
52 482
54 464
56 -184
58 -114
60 164
62 -488
64 -502
66 150
68 140
70 170
72 -104
74 -118
76 -156
78 472
80 124
82 -106
84 -168
86 -26
88 466
90 42
92 -112
94 74
96 100
98 134
100 -128
102 70
104 -116
106 -548
108 -526
110 -38
112 48
114 122
116 64
118 -126
120 92
122 98
124 -88
126 -130
128 -80
130 440
132 -36
134 94
136 120
138 62
140 -20
142 14
144 -52
146 -10
148 28
150 34
152 -84
154 -46
156 -68
158 90
160 -56
162 -392
164 -16
166 588
168 76
170 82
172 -418
174 -528
176 -434
178 516
180 578
182 -66
184 -534
186 -316
188 530
190 560
192 -550
194 584
196 -566
198 -580
200 -606
202 404
204 498
206 -508
208 478
210 -428
212 -610
214 512
216 -410
218 592
220 -554
222 388
224 -426
226 -432
228 346
230 412
232 -594
234 380
236 -406
238 -304
240 338
242 556
244 -430
246 -544
248 -518
250 -332
252 422
254 -364
256 558
258 -576
260 -270
262 -308
264 -586
266 -532
268 -362
270 260
272 -326
274 -604
276 582
278 340
280 -590
282 564
284 570
286 396
288 542
290 -568
292 358
294 372
296 -370
298 -424
300 302
302 -596
304 562
306 292
308 -278
310 600
312 282
314 -300
316 -354
318 -608
320 -574
322 -356
324 242
326 416
328 546
330 504
332 598
334 572
336 298
338 244
340 366
342 -320
344 -230
346 368
348 290
350 296
352 -602
354 468
356 -382
358 228
360 -450
362 -420
364 522
366 -524
368 -190
370 -208
372 510
374 408
376 -306
378 -552
380 -158
382 240
384 -402
386 -536
388 -206
390 200
392 -254
394 -540
396 390
398 -312
400 -506
402 160
404 226
406 220
408 -198
410 -276
412 310
414 -188
416 142
418 -496
420 -538
422 -324
424 -486
426 -272
428 -194
430 -264
432 386
434 520
436 -334
438 -480
440 -442
442 212
444 -246
446 32
448 -454
450 492
452 218
454 -438
456 350
458 40
460 250
462 24
464 330
466 268
468 -22
470 44
472 398
474 -60
476 458
478 -8
480 286
482 494
484 262
486 436
488 -58
490 12
492 50
494 -4
496 30
498 -448
500 -18
502 376
504 186
506 384
508 -54
510 -196
512 146
514 444
516 -6
518 -328
520 -234
522 176
524 -2
526 248
528 374
530 148
532 318
534 204
536 -414
538 -192
540 378
542 -400
544 394
546 -284
548 -210
550 -336
552 -314
554 108
556 -178
558 172
560 -166
562 -280
564 -238
566 360
568 -294
570 344
572 322
574 216
576 -174
578 224
580 -274
582 180
584 258
586 252
588 182
590 -348
592 -202
594 232
596 -222
598 352
600 -214
602 -236
604 342
606 256
608 -266
610 288
