1321 661 139 139 190
-660 -186
-658 -356
-656 218
-654 260
-652 -206
-650 -236
-648 318
-646 304
-644 -354
-642 -220
-640 262
-638 -308
-636 -182
-634 384
-632 -286
-630 196
-628 -358
-626 320
-624 -386
-622 -408
-620 -282
-618 192
-616 -374
-614 -352
-612 -270
-610 312
-608 390
-606 252
-604 -234
-602 -200
-600 -294
-598 412
-596 434
-594 -184
-592 -194
-590 208
-588 -446
-586 -204
-584 -210
-582 -444
-580 326
-578 228
-576 98
-574 420
-572 -410
-570 -344
-568 -274
-566 264
-564 250
-562 76
-560 110
-558 376
-556 94
-554 108
-552 -470
-550 -316
-548 422
-546 -424
-544 -222
-542 72
-540 438
-538 -372
-536 310
-534 8
-532 -26
-530 -68
-528 -214
-526 36
-524 -6
-522 16
-520 -460
-518 -20
-516 -30
-514 12
-512 -2
-510 -32
-508 14
-506 100
-504 486
-502 -244
-500 382
-498 -80
-496 82
-494 -468
-492 102
-490 428
-488 242
-486 -188
-484 334
-482 212
-480 238
-478 -296
-476 558
-474 564
-472 -254
-470 -456
-468 190
-466 -348
-464 -542
-462 -232
-460 466
-458 -440
-456 -414
-454 224
-452 230
-450 -240
-448 -202
-446 484
-444 418
-442 -368
-440 298
-438 568
-436 350
-434 -248
-432 -402
-430 -272
-428 306
-426 600
-424 474
-422 -572
-420 -618
-418 472
-416 586
-414 -604
-412 346
-410 340
-408 614
-406 464
-404 582
-402 -452
-400 -362
-398 -576
-396 -266
-394 -548
-392 -198
-390 -392
-388 -590
-386 -300
-384 -314
-382 580
-380 -278
-378 -332
-376 -626
-374 608
-372 482
-370 -504
-368 -302
-366 -268
-364 290
-362 -256
-360 654
-358 -380
-356 -246
-354 216
-352 -258
-350 360
-348 610
-346 628
-344 322
-342 -284
-340 226
-338 432
-336 -398
-334 -620
-332 388
-330 -336
-328 370
-326 584
-324 430
-322 400
-320 -638
-318 -328
-316 450
-314 -280
-312 -622
-310 276
-308 634
-306 292
-304 650
-302 -636
-300 330
-298 -652
-296 394
-294 488
-292 602
-290 648
-288 -342
-286 288
-284 -646
-282 -640
-280 -426
-278 324
-276 566
-274 -448
-272 594
-270 436
-268 478
-266 -540
-264 -642
-262 -588
-260 -538
-258 -512
-256 458
-254 -476
-252 490
-250 -364
-248 -338
-246 632
-244 606
-242 560
-240 -366
-238 396
-236 -442
-234 -404
-232 378
-230 -660
-228 658
-226 -492
-224 598
-222 -656
-220 554
-218 -612
-216 406
-214 624
-212 578
-210 -616
-208 494
-206 480
-204 574
-202 416
-200 -550
-198 596
-196 -562
-194 532
-192 -630
-190 644
-188 454
-186 22
-184 -570
-182 10
-180 -462
-178 -42
-176 -60
-174 58
-172 48
-170 592
-168 -40
-166 -46
-164 84
-162 -552
-160 92
-158 18
-156 56
-154 90
-152 112
-150 66
-148 120
-146 126
-144 52
-142 134
-140 116
-138 122
-136 88
-134 -142
-132 96
-130 54
-128 24
-126 -146
-124 -28
-122 -138
-120 -148
-118 -86
-116 -140
-114 -62
-112 -152
-110 78
-108 64
-106 34
-104 44
-102 544
-100 4
-98 -556
-96 -132
-94 496
-92 -160
-90 -154
-88 -136
-86 -536
-84 -164
-82 500
-80 546
-78 -162
-76 128
-74 70
-72 -498
-70 -74
-68 -124
-66 -508
-64 176
-62 -106
-60 -172
-58 178
-56 -526
-54 -130
-52 -144
-50 38
-48 506
-46 -170
-44 -510
-42 -114
-40 -522
-38 -50
-36 -530
-34 -166
-32 514
-30 -520
-28 502
-26 524
-24 534
-22 158
-20 180
-18 150
-16 -518
-14 -174
-12 -168
-10 -118
-8 156
-6 528
-4 -104
-2 -516
0 0
2 516
4 104
6 -528
8 -156
10 118
12 168
14 174
16 518
18 -150
20 -180
22 -158
24 -534
26 -524
28 -502
30 520
32 -514
34 166
36 530
38 50
40 522
42 114
44 510
46 170
48 -506
50 -38
52 144
54 130
56 526
58 -178
60 172
62 106
64 -176
66 508
68 124
70 74
72 498
74 -70
76 -128
78 162
80 -546
82 -500
84 164
86 536
88 136
90 154
92 160
94 -496
96 132
98 556
100 -4
102 -544
104 -44
106 -34
108 -64
110 -78
112 152
114 62
116 140
118 86
120 148
122 138
124 28
126 146
128 -24
130 -54
132 -96
134 142
136 -88
138 -122
140 -116
142 -134
144 -52
146 -126
148 -120
150 -66
152 -112
154 -90
156 -56
158 -18
160 -92
162 552
164 -84
166 46
168 40
170 -592
172 -48
174 -58
176 60
178 42
180 462
182 -10
184 570
186 -22
188 -454
190 -644
192 630
194 -532
196 562
198 -596
200 550
202 -416
204 -574
206 -480
208 -494
210 616
212 -578
214 -624
216 -406
218 612
220 -554
222 656
224 -598
226 492
228 -658
230 660
232 -378
234 404
236 442
238 -396
240 366
242 -560
244 -606
246 -632
248 338
250 364
252 -490
254 476
256 -458
258 512
260 538
262 588
264 642
266 540
268 -478
270 -436
272 -594
274 448
276 -566
278 -324
280 426
282 640
284 646
286 -288
288 342
290 -648
292 -602
294 -488
296 -394
298 652
300 -330
302 636
304 -650
306 -292
308 -634
310 -276
312 622
314 280
316 -450
318 328
320 638
322 -400
324 -430
326 -584
328 -370
330 336
332 -388
334 620
336 398
338 -432
340 -226
342 284
344 -322
346 -628
348 -610
350 -360
352 258
354 -216
356 246
358 380
360 -654
362 256
364 -290
366 268
368 302
370 504
372 -482
374 -608
376 626
378 332
380 278
382 -580
384 314
386 300
388 590
390 392
392 198
394 548
396 266
398 576
400 362
402 452
404 -582
406 -464
408 -614
410 -340
412 -346
414 604
416 -586
418 -472
420 618
422 572
424 -474
426 -600
428 -306
430 272
432 402
434 248
436 -350
438 -568
440 -298
442 368
444 -418
446 -484
448 202
450 240
452 -230
454 -224
456 414
458 440
460 -466
462 232
464 542
466 348
468 -190
470 456
472 254
474 -564
476 -558
478 296
480 -238
482 -212
484 -334
486 188
488 -242
490 -428
492 -102
494 468
496 -82
498 80
500 -382
502 244
504 -486
506 -100
508 -14
510 32
512 2
514 -12
516 30
518 20
520 460
522 -16
524 6
526 -36
528 214
530 68
532 26
534 -8
536 -310
538 372
540 -438
542 -72
544 222
546 424
548 -422
550 316
552 470
554 -108
556 -94
558 -376
560 -110
562 -76
564 -250
566 -264
568 274
570 344
572 410
574 -420
576 -98
578 -228
580 -326
582 444
584 210
586 204
588 446
590 -208
592 194
594 184
596 -434
598 -412
600 294
602 200
604 234
606 -252
608 -390
610 -312
612 270
614 352
616 374
618 -192
620 282
622 408
624 386
626 -320
628 358
630 -196
632 286
634 -384
636 182
638 308
640 -262
642 220
644 354
646 -304
648 -318
650 236
652 206
654 -260
656 -218
658 356
660 186
