1585 793 167 167 228
-792 -338
-790 -392
-788 334
-786 -304
-784 -362
-782 344
-780 290
-778 404
-776 302
-774 460
-772 -218
-770 348
-768 -282
-766 -332
-764 294
-762 -296
-760 -242
-758 224
-756 278
-754 240
-752 346
-750 -368
-748 226
-746 416
-744 -254
-742 -284
-740 -374
-738 456
-736 502
-734 -236
-732 478
-730 -228
-728 -350
-726 -384
-724 298
-722 -524
-720 -326
-718 320
-716 370
-714 -412
-712 -234
-710 -488
-708 354
-706 292
-704 398
-702 440
-700 506
-698 -172
-696 358
-694 496
-692 538
-690 552
-688 258
-686 316
-684 -482
-682 -508
-680 402
-678 -272
-676 -534
-674 -260
-672 222
-670 -532
-668 558
-666 220
-664 -310
-662 268
-660 42
-658 -36
-656 2
-654 -400
-652 102
-650 424
-648 -18
-646 52
-644 -70
-642 32
-640 -214
-638 72
-636 58
-634 48
-632 -26
-630 24
-628 -458
-626 -408
-624 -10
-622 -40
-620 494
-618 20
-616 -602
-614 -164
-612 94
-610 -80
-608 -62
-606 -8
-604 -574
-602 -264
-600 266
-598 248
-596 542
-594 560
-592 -50
-590 28
-588 6
-586 244
-584 -650
-582 448
-580 -210
-578 -660
-576 274
-574 672
-572 262
-570 -356
-568 -322
-566 444
-564 -622
-562 -680
-560 590
-558 572
-556 646
-554 -600
-552 -662
-550 276
-548 586
-546 -468
-544 250
-542 476
-540 330
-538 -280
-536 638
-534 -208
-532 -406
-530 -492
-528 522
-526 -256
-524 -682
-522 -340
-520 -238
-518 -312
-516 422
-514 -288
-512 702
-510 -388
-508 270
-506 562
-504 486
-502 -336
-500 -568
-498 -352
-496 366
-494 -472
-492 -578
-490 732
-488 710
-486 436
-484 -598
-482 684
-480 -246
-478 364
-476 -426
-474 -752
-472 -342
-470 -376
-468 -762
-466 252
-464 -430
-462 -452
-460 718
-458 308
-456 -686
-454 -300
-452 306
-450 520
-448 286
-446 -776
-444 490
-442 -632
-440 418
-438 -712
-436 734
-434 -372
-432 754
-430 716
-428 790
-426 -668
-424 318
-422 -772
-420 -438
-418 688
-416 -314
-414 -420
-412 -466
-410 -728
-408 410
-406 380
-404 -766
-402 328
-400 758
-398 -324
-396 -634
-394 -768
-392 510
-390 432
-388 -746
-386 -720
-384 -774
-382 -792
-380 -530
-378 584
-376 -446
-374 540
-372 434
-370 -396
-368 378
-366 -576
-364 -674
-362 548
-360 -450
-358 -360
-356 -518
-354 736
-352 -394
-350 -536
-348 526
-346 -480
-344 -442
-342 512
-340 -782
-338 -624
-336 414
-334 -596
-332 390
-330 764
-328 714
-326 784
-324 554
-322 -428
-320 462
-318 -664
-316 -566
-314 -788
-312 -750
-310 676
-308 698
-306 464
-304 386
-302 744
-300 474
-298 516
-296 382
-294 544
-292 -470
-290 -484
-288 -706
-286 -780
-284 694
-282 608
-280 786
-278 -708
-276 678
-274 740
-272 454
-270 756
-268 -738
-266 -652
-264 -778
-262 528
-260 -582
-258 504
-256 546
-254 -700
-252 -654
-250 -760
-248 -770
-246 564
-244 -550
-242 -556
-240 658
-238 -38
-236 -742
-234 -500
-232 726
-230 -692
-228 690
-226 724
-224 -514
-222 704
-220 722
-218 748
-216 -116
-214 54
-212 -104
-210 588
-208 -84
-206 34
-204 92
-202 86
-200 -498
-198 74
-196 124
-194 -14
-192 16
-190 122
-188 -12
-186 696
-184 140
-182 134
-180 44
-178 150
-176 730
-174 90
-172 76
-170 -114
-168 64
-166 22
-164 -100
-162 170
-160 -4
-158 -46
-156 56
-154 -66
-152 148
-150 -30
-148 -180
-146 162
-144 -168
-142 78
-140 -132
-138 98
-136 -120
-134 146
-132 -128
-130 -110
-128 -88
-126 -178
-124 -184
-122 -158
-120 -204
-118 142
-116 -68
-114 82
-112 60
-110 -186
-108 196
-106 -118
-104 -666
-102 182
-100 192
-98 -190
-96 642
-94 620
-92 -136
-90 126
-88 -232
-86 106
-84 144
-82 -154
-80 -108
-78 -174
-76 -156
-74 612
-72 -610
-70 -230
-68 -200
-66 -636
-64 -614
-62 -648
-60 216
-58 -616
-56 188
-54 -194
-52 594
-50 202
-48 618
-46 -580
-44 212
-42 -644
-40 630
-38 -206
-36 -670
-34 592
-32 -160
-30 -166
-28 176
-26 -604
-24 626
-22 130
-20 96
-18 -628
-16 -606
-14 -198
-12 152
-10 138
-8 -112
-6 656
-4 -570
-2 640
0 0
2 -640
4 570
6 -656
8 112
10 -138
12 -152
14 198
16 606
18 628
20 -96
22 -130
24 -626
26 604
28 -176
30 166
32 160
34 -592
36 670
38 206
40 -630
42 644
44 -212
46 580
48 -618
50 -202
52 -594
54 194
56 -188
58 616
60 -216
62 648
64 614
66 636
68 200
70 230
72 610
74 -612
76 156
78 174
80 108
82 154
84 -144
86 -106
88 232
90 -126
92 136
94 -620
96 -642
98 190
100 -192
102 -182
104 666
106 118
108 -196
110 186
112 -60
114 -82
116 68
118 -142
120 204
122 158
124 184
126 178
128 88
130 110
132 128
134 -146
136 120
138 -98
140 132
142 -78
144 168
146 -162
148 180
150 30
152 -148
154 66
156 -56
158 46
160 4
162 -170
164 100
166 -22
168 -64
170 114
172 -76
174 -90
176 -730
178 -150
180 -44
182 -134
184 -140
186 -696
188 12
190 -122
192 -16
194 14
196 -124
198 -74
200 498
202 -86
204 -92
206 -34
208 84
210 -588
212 104
214 -54
216 116
218 -748
220 -722
222 -704
224 514
226 -724
228 -690
230 692
232 -726
234 500
236 742
238 38
240 -658
242 556
244 550
246 -564
248 770
250 760
252 654
254 700
256 -546
258 -504
260 582
262 -528
264 778
266 652
268 738
270 -756
272 -454
274 -740
276 -678
278 708
280 -786
282 -608
284 -694
286 780
288 706
290 484
292 470
294 -544
296 -382
298 -516
300 -474
302 -744
304 -386
306 -464
308 -698
310 -676
312 750
314 788
316 566
318 664
320 -462
322 428
324 -554
326 -784
328 -714
330 -764
332 -390
334 596
336 -414
338 624
340 782
342 -512
344 442
346 480
348 -526
350 536
352 394
354 -736
356 518
358 360
360 450
362 -548
364 674
366 576
368 -378
370 396
372 -434
374 -540
376 446
378 -584
380 530
382 792
384 774
386 720
388 746
390 -432
392 -510
394 768
396 634
398 324
400 -758
402 -328
404 766
406 -380
408 -410
410 728
412 466
414 420
416 314
418 -688
420 438
422 772
424 -318
426 668
428 -790
430 -716
432 -754
434 372
436 -734
438 712
440 -418
442 632
444 -490
446 776
448 -286
450 -520
452 -306
454 300
456 686
458 -308
460 -718
462 452
464 430
466 -252
468 762
470 376
472 342
474 752
476 426
478 -364
480 246
482 -684
484 598
486 -436
488 -710
490 -732
492 578
494 472
496 -366
498 352
500 568
502 336
504 -486
506 -562
508 -270
510 388
512 -702
514 288
516 -422
518 312
520 238
522 340
524 682
526 256
528 -522
530 492
532 406
534 208
536 -638
538 280
540 -330
542 -476
544 -250
546 468
548 -586
550 -276
552 662
554 600
556 -646
558 -572
560 -590
562 680
564 622
566 -444
568 322
570 356
572 -262
574 -672
576 -274
578 660
580 210
582 -448
584 650
586 -244
588 -6
590 -28
592 50
594 -560
596 -542
598 -248
600 -266
602 264
604 574
606 8
608 62
610 80
612 -94
614 164
616 602
618 -20
620 -494
622 40
624 10
626 408
628 458
630 -24
632 26
634 -48
636 -58
638 -72
640 214
642 -32
644 70
646 -52
648 18
650 -424
652 -102
654 400
656 -2
658 36
660 -42
662 -268
664 310
666 -220
668 -558
670 532
672 -222
674 260
676 534
678 272
680 -402
682 508
684 482
686 -316
688 -258
690 -552
692 -538
694 -496
696 -358
698 172
700 -506
702 -440
704 -398
706 -292
708 -354
710 488
712 234
714 412
716 -370
718 -320
720 326
722 524
724 -298
726 384
728 350
730 228
732 -478
734 236
736 -502
738 -456
740 374
742 284
744 254
746 -416
748 -226
750 368
752 -346
754 -240
756 -278
758 -224
760 242
762 296
764 -294
766 332
768 282
770 -348
772 218
774 -460
776 -302
778 -404
780 -290
782 -344
784 362
786 304
788 -334
790 392
792 338
