249 125 25 25 36
-124 -66
-122 40
-120 -58
-118 -64
-116 -30
-114 52
-112 38
-110 -44
-108 -34
-106 16
-104 2
-102 92
-100 70
-98 4
-96 82
-94 -56
-92 90
-90 36
-88 42
-86 -80
-84 106
-82 76
-80 -54
-78 60
-76 110
-74 -120
-72 46
-70 -48
-68 -118
-66 -108
-64 -62
-62 -96
-60 -50
-58 116
-56 -74
-54 -68
-52 102
-50 -88
-48 86
-46 -124
-44 -114
-42 -72
-40 -122
-38 104
-36 78
-34 112
-32 -8
-30 18
-28 12
-26 6
-24 20
-22 14
-20 -24
-18 -10
-16 -32
-14 84
-12 98
-10 -22
-8 -28
-6 -100
-4 -94
-2 26
0 0
2 -26
4 94
6 100
8 28
10 22
12 -98
14 -84
16 32
18 10
20 24
22 -14
24 -20
26 -6
28 -12
30 -18
32 8
34 -112
36 -78
38 -104
40 122
42 72
44 114
46 124
48 -86
50 88
52 -102
54 68
56 74
58 -116
60 50
62 96
64 62
66 108
68 118
70 48
72 -46
74 120
76 -110
78 -60
80 54
82 -76
84 -106
86 80
88 -42
90 -36
92 -90
94 56
96 -82
98 -4
100 -70
102 -92
104 -2
106 -16
108 34
110 44
112 -38
114 -52
116 30
118 64
120 58
122 -40
124 66
