285 143 29 29 41
-142 12
-140 -58
-138 76
-136 -46
-134 36
-132 -54
-130 60
-128 50
-126 -20
-124 -82
-122 96
-120 38
-118 -100
-116 86
-114 92
-112 -42
-110 24
-108 102
-106 68
-104 118
-102 8
-100 -78
-98 64
-96 -22
-94 52
-92 74
-90 -120
-88 98
-86 -136
-84 -110
-82 -44
-80 34
-78 -70
-76 -90
-74 -140
-72 126
-70 -132
-68 80
-66 -72
-64 62
-62 -108
-60 134
-58 124
-56 -66
-54 -56
-52 -106
-50 -84
-48 -142
-46 -104
-44 94
-42 -6
-40 16
-38 2
-36 -138
-34 18
-32 -130
-30 88
-28 -114
-26 116
-24 4
-22 128
-20 28
-18 -14
-16 -40
-14 -26
-12 -32
-10 112
-8 122
-6 10
-4 -48
-2 30
0 0
2 -30
4 48
6 -10
8 -122
10 -112
12 32
14 26
16 40
18 14
20 -28
22 -128
24 -4
26 -116
28 114
30 -88
32 130
34 -18
36 138
38 -2
40 -16
42 6
44 -94
46 104
48 142
50 84
52 106
54 56
56 66
58 -124
60 -134
62 108
64 -62
66 72
68 -80
70 132
72 -126
74 140
76 90
78 70
80 -34
82 44
84 110
86 136
88 -98
90 120
92 -74
94 -52
96 22
98 -64
100 78
102 -8
104 -118
106 -68
108 -102
110 -24
112 42
114 -92
116 -86
118 100
120 -38
122 -96
124 82
126 20
128 -50
130 -60
132 54
134 -36
136 46
138 -76
140 58
142 -12
