401 201 43 43 56
-200 106
-198 80
-196 -70
-194 104
-192 136
-190 64
-188 -90
-186 16
-184 -114
-182 120
-180 -130
-178 72
-176 -196
-174 88
-172 118
-170 -24
-168 126
-166 68
-164 -42
-162 12
-160 -122
-158 -28
-156 -6
-154 156
-152 86
-150 -40
-148 -102
-146 128
-144 -82
-142 -148
-140 -2
-138 -60
-136 62
-134 -112
-132 138
-130 152
-128 58
-126 -84
-124 -98
-122 -132
-120 74
-118 -184
-116 -190
-114 -172
-112 78
-110 96
-108 -94
-106 76
-104 -134
-102 -192
-100 110
-98 -116
-96 146
-94 -180
-92 66
-90 -92
-88 -142
-86 200
-84 162
-82 140
-80 -182
-78 188
-76 -194
-74 -168
-72 -186
-70 108
-68 -150
-66 -100
-64 -170
-62 -22
-60 198
-58 160
-56 -4
-54 176
-52 -20
-50 14
-48 178
-46 -30
-44 32
-42 124
-40 174
-38 34
-36 -44
-34 -10
-32 -36
-30 54
-28 8
-26 18
-24 56
-22 38
-20 48
-18 -46
-16 -158
-14 -26
-12 -166
-10 -144
-8 154
-6 164
-4 52
-2 -50
0 0
2 50
4 -52
6 -164
8 -154
10 144
12 166
14 26
16 158
18 46
20 -48
22 -38
24 -56
26 -18
28 -8
30 -54
32 36
34 10
36 44
38 -34
40 -174
42 -124
44 -32
46 30
48 -178
50 -14
52 20
54 -176
56 4
58 -160
60 -198
62 22
64 170
66 100
68 150
70 -108
72 186
74 168
76 194
78 -188
80 182
82 -140
84 -162
86 -200
88 142
90 92
92 -66
94 180
96 -146
98 116
100 -110
102 192
104 134
106 -76
108 94
110 -96
112 -78
114 172
116 190
118 184
120 -74
122 132
124 98
126 84
128 -58
130 -152
132 -138
134 112
136 -62
138 60
140 2
142 148
144 82
146 -128
148 102
150 40
152 -86
154 -156
156 6
158 28
160 122
162 -12
164 42
166 -68
168 -126
170 24
172 -118
174 -88
176 196
178 -72
180 130
182 -120
184 114
186 -16
188 90
190 -64
192 -136
194 -104
196 70
198 -80
200 -106
