421 211 45 45 59
-210 80
-208 102
-206 92
-204 118
-202 84
-200 -78
-198 108
-196 -70
-194 -116
-192 122
-190 -52
-188 66
-186 -194
-184 156
-182 144
-180 82
-178 -72
-176 -22
-174 120
-172 94
-170 -68
-168 -38
-166 152
-164 -134
-162 -96
-160 -162
-158 -12
-156 62
-154 28
-152 50
-150 88
-148 -126
-146 -160
-144 -90
-142 -44
-140 -178
-138 -64
-136 142
-134 124
-132 74
-130 172
-128 -34
-126 60
-124 106
-122 -204
-120 -182
-118 -76
-116 166
-114 -148
-112 -202
-110 136
-108 86
-106 -176
-104 -190
-102 -112
-100 174
-98 100
-96 -114
-94 128
-92 -98
-90 -200
-88 -138
-86 -132
-84 130
-82 -140
-80 110
-78 -104
-76 -210
-74 14
-72 154
-70 180
-68 -186
-66 -10
-64 -206
-62 208
-60 16
-58 26
-56 8
-54 188
-52 -36
-50 30
-48 -198
-46 -6
-44 -24
-42 192
-40 32
-38 -42
-36 -4
-34 -196
-32 -146
-30 18
-28 -56
-26 184
-24 20
-22 46
-20 158
-18 -54
-16 -40
-14 -2
-12 48
-10 164
-8 150
-6 -58
-4 -170
-2 168
0 0
2 -168
4 170
6 58
8 -150
10 -164
12 -48
14 2
16 40
18 54
20 -158
22 -46
24 -20
26 -184
28 56
30 -18
32 146
34 196
36 4
38 42
40 -32
42 -192
44 24
46 6
48 198
50 -30
52 36
54 -188
56 -8
58 -26
60 -16
62 -208
64 206
66 10
68 186
70 -180
72 -154
74 -14
76 210
78 104
80 -110
82 140
84 -130
86 132
88 138
90 200
92 98
94 -128
96 114
98 -100
100 -174
102 112
104 190
106 176
108 -86
110 -136
112 202
114 148
116 -166
118 76
120 182
122 204
124 -106
126 -60
128 34
130 -172
132 -74
134 -124
136 -142
138 64
140 178
142 44
144 90
146 160
148 126
150 -88
152 -50
154 -28
156 -62
158 12
160 162
162 96
164 134
166 -152
168 38
170 68
172 -94
174 -120
176 22
178 72
180 -82
182 -144
184 -156
186 194
188 -66
190 52
192 -122
194 116
196 70
198 -108
200 78
202 -84
204 -118
206 -92
208 -102
210 -80
