429 215 45 45 61
-214 -100
-212 74
-210 60
-208 -114
-206 -68
-204 -102
-202 76
-200 -82
-198 112
-196 -38
-194 96
-192 -94
-190 -104
-188 118
-186 108
-184 142
-182 132
-180 -110
-178 -52
-176 -158
-174 -20
-172 -130
-170 80
-168 2
-166 -24
-164 46
-162 -16
-160 66
-158 -48
-156 146
-154 -88
-152 70
-150 172
-148 26
-146 -92
-144 190
-142 -176
-140 -170
-138 -160
-136 -194
-134 120
-132 -50
-130 72
-128 202
-126 -136
-124 144
-122 -210
-120 -134
-118 -208
-116 -154
-114 116
-112 78
-110 84
-108 126
-106 212
-104 -98
-102 156
-100 -150
-98 164
-96 90
-94 124
-92 206
-90 152
-88 -86
-86 196
-84 122
-82 -128
-80 -106
-78 -140
-76 -182
-74 -148
-72 174
-70 204
-68 198
-66 -200
-64 -214
-62 -184
-60 -138
-58 -6
-56 -32
-54 22
-52 -8
-50 -34
-48 -178
-46 192
-44 -4
-42 14
-40 28
-38 -18
-36 44
-34 30
-32 -40
-30 54
-28 186
-26 -188
-24 -12
-22 -58
-20 162
-18 180
-16 56
-14 -62
-12 166
-10 -42
-8 -36
-6 -10
-4 -64
-2 -168
0 0
2 168
4 64
6 10
8 36
10 42
12 -166
14 62
16 -56
18 -180
20 -162
22 58
24 12
26 188
28 -186
30 -54
32 40
34 -30
36 -44
38 18
40 -28
42 -14
44 4
46 -192
48 178
50 34
52 8
54 -22
56 32
58 6
60 138
62 184
64 214
66 200
68 -198
70 -204
72 -174
74 148
76 182
78 140
80 106
82 128
84 -122
86 -196
88 86
90 -152
92 -206
94 -124
96 -90
98 -164
100 150
102 -156
104 98
106 -212
108 -126
110 -84
112 -78
114 -116
116 154
118 208
120 134
122 210
124 -144
126 136
128 -202
130 -72
132 50
134 -120
136 194
138 160
140 170
142 176
144 -190
146 92
148 -26
150 -172
152 -70
154 88
156 -146
158 48
160 -66
162 16
164 -46
166 24
168 -2
170 -80
172 130
174 20
176 158
178 52
180 110
182 -132
184 -142
186 -108
188 -118
190 104
192 94
194 -96
196 38
198 -112
200 82
202 -76
204 102
206 68
208 114
210 -60
212 -74
214 100
