509 255 53 53 73
-254 100
-252 -78
-250 -136
-248 82
-246 -128
-244 -110
-242 -60
-240 -158
-238 160
-236 22
-234 132
-232 90
-230 104
-228 118
-226 -72
-224 -146
-222 168
-220 138
-218 -56
-216 -174
-214 -120
-212 30
-210 24
-208 178
-206 -28
-204 -46
-202 -176
-200 150
-198 108
-196 -70
-194 180
-192 2
-190 -20
-188 -130
-186 196
-184 26
-182 96
-180 -188
-178 84
-176 106
-174 -88
-172 74
-170 -156
-168 226
-166 -228
-164 -94
-162 140
-160 126
-158 -204
-156 -134
-154 -192
-152 -206
-150 -144
-148 214
-146 164
-144 -162
-142 -76
-140 114
-138 -244
-136 242
-134 92
-132 -122
-130 102
-128 -98
-126 124
-124 170
-122 116
-120 250
-118 -220
-116 154
-114 -80
-112 -254
-110 -112
-108 182
-106 -236
-104 222
-102 -248
-100 238
-98 -148
-96 218
-94 -216
-92 -230
-90 252
-88 -198
-86 -184
-84 -8
-82 -232
-80 142
-78 -152
-76 -166
-74 224
-72 246
-70 34
-68 -32
-66 200
-64 210
-62 -6
-60 12
-58 172
-56 4
-54 10
-52 40
-50 18
-48 -16
-46 54
-44 -234
-42 -240
-40 -64
-38 42
-36 52
-34 -62
-32 -44
-30 -50
-28 68
-26 -212
-24 194
-22 -38
-20 -186
-18 -66
-16 36
-14 -58
-12 190
-10 -14
-8 -48
-6 208
-4 202
-2 -86
0 0
2 86
4 -202
6 -208
8 48
10 14
12 -190
14 58
16 -36
18 66
20 186
22 38
24 -194
26 212
28 -68
30 50
32 44
34 62
36 -52
38 -42
40 64
42 240
44 234
46 -54
48 16
50 -18
52 -40
54 -10
56 -4
58 -172
60 -12
62 6
64 -210
66 -200
68 32
70 -34
72 -246
74 -224
76 166
78 152
80 -142
82 232
84 8
86 184
88 198
90 -252
92 230
94 216
96 -218
98 148
100 -238
102 248
104 -222
106 236
108 -182
110 112
112 254
114 80
116 -154
118 220
120 -250
122 -116
124 -170
126 -124
128 98
130 -102
132 122
134 -92
136 -242
138 244
140 -114
142 76
144 162
146 -164
148 -214
150 144
152 206
154 192
156 134
158 204
160 -126
162 -140
164 94
166 228
168 -226
170 156
172 -74
174 88
176 -106
178 -84
180 188
182 -96
184 -26
186 -196
188 130
190 20
192 -2
194 -180
196 70
198 -108
200 -150
202 176
204 46
206 28
208 -178
210 -24
212 -30
214 120
216 174
218 56
220 -138
222 -168
224 146
226 72
228 -118
230 -104
232 -90
234 -132
236 -22
238 -160
240 158
242 60
244 110
246 128
248 -82
250 136
252 78
254 -100
