521 261 55 55 74
-260 -114
-258 124
-256 -150
-254 -92
-252 -118
-250 -100
-248 82
-246 120
-244 -78
-242 -116
-240 -30
-238 64
-236 142
-234 76
-232 -244
-230 -56
-228 -106
-226 -168
-224 -86
-222 -140
-220 38
-218 -88
-216 2
-214 -24
-212 50
-210 80
-208 126
-206 180
-204 -22
-202 -188
-200 6
-198 84
-196 -130
-194 104
-192 214
-190 132
-188 -210
-186 -96
-184 -90
-182 144
-180 -222
-178 36
-176 174
-174 -212
-172 98
-170 -28
-168 178
-166 -136
-164 198
-162 240
-160 230
-158 -220
-156 110
-154 138
-152 -186
-150 156
-148 -146
-146 -196
-144 94
-142 252
-140 -158
-138 260
-136 238
-134 -248
-132 102
-130 184
-128 -134
-126 192
-124 -242
-122 -112
-120 218
-118 224
-116 -162
-114 128
-112 258
-110 -208
-108 246
-106 148
-104 122
-102 256
-100 -254
-98 -152
-96 182
-94 -164
-92 154
-90 -176
-88 -166
-86 -160
-84 202
-82 -108
-80 -250
-78 -236
-76 4
-74 -34
-72 -12
-70 -172
-68 -20
-66 -14
-64 44
-62 232
-60 -170
-58 18
-56 -234
-54 10
-52 40
-50 -46
-48 226
-46 54
-44 -16
-42 -26
-40 190
-38 66
-36 32
-34 -58
-32 -68
-30 -74
-28 -48
-26 62
-24 72
-22 228
-20 52
-18 -204
-16 -8
-14 70
-12 -206
-10 -42
-8 194
-6 216
-4 -60
-2 -200
0 0
2 200
4 60
6 -216
8 -194
10 42
12 206
14 -70
16 8
18 204
20 -52
22 -228
24 -72
26 -62
28 48
30 74
32 68
34 58
36 -32
38 -66
40 -190
42 26
44 16
46 -54
48 -226
50 46
52 -40
54 -10
56 234
58 -18
60 170
62 -232
64 -44
66 14
68 20
70 172
72 12
74 34
76 -4
78 236
80 250
82 108
84 -202
86 160
88 166
90 176
92 -154
94 164
96 -182
98 152
100 254
102 -256
104 -122
106 -148
108 -246
110 208
112 -258
114 -128
116 162
118 -224
120 -218
122 112
124 242
126 -192
128 134
130 -184
132 -102
134 248
136 -238
138 -260
140 158
142 -252
144 -94
146 196
148 146
150 -156
152 186
154 -138
156 -110
158 220
160 -230
162 -240
164 -198
166 136
168 -178
170 28
172 -98
174 212
176 -174
178 -36
180 222
182 -144
184 90
186 96
188 210
190 -132
192 -214
194 -104
196 130
198 -84
200 -6
202 188
204 22
206 -180
208 -126
210 -80
212 -50
214 24
216 -2
218 88
220 -38
222 140
224 86
226 168
228 106
230 56
232 244
234 -76
236 -142
238 -64
240 30
242 116
244 78
246 -120
248 -82
250 100
252 118
254 92
256 150
258 -124
260 114
