561 281 59 59 80
-280 -66
-278 96
-276 118
-274 80
-272 -86
-270 -156
-268 94
-266 120
-264 -98
-262 -160
-260 58
-258 -4
-256 174
-254 -180
-252 -122
-250 84
-248 110
-246 -124
-244 158
-242 164
-240 -90
-238 76
-236 -150
-234 92
-232 -78
-230 184
-228 -216
-226 116
-224 46
-222 12
-220 126
-218 32
-216 -14
-214 -36
-212 6
-210 -28
-208 -186
-206 144
-204 -234
-202 -228
-200 -102
-198 -136
-196 -214
-194 176
-192 -114
-190 -56
-188 222
-186 -196
-184 238
-182 -224
-180 172
-178 -112
-176 -178
-174 100
-172 106
-170 168
-168 -154
-166 -236
-164 270
-162 -104
-160 130
-158 280
-156 226
-154 272
-152 -198
-150 240
-148 -266
-146 152
-144 -194
-142 276
-140 -278
-138 -132
-136 -262
-134 232
-132 170
-130 108
-128 138
-126 252
-124 274
-122 -268
-120 162
-118 -260
-116 142
-114 128
-112 -166
-110 212
-108 -146
-106 -188
-104 -210
-102 -264
-100 -134
-98 148
-96 -190
-94 -204
-92 -182
-90 220
-88 16
-86 200
-84 -258
-82 140
-80 250
-78 -248
-76 230
-74 -2
-72 -20
-70 30
-68 44
-66 -42
-64 -254
-62 -26
-60 24
-58 -10
-56 -48
-54 34
-52 40
-50 18
-48 -64
-46 -50
-44 72
-42 38
-40 -8
-38 256
-36 -246
-34 -192
-32 -52
-30 -70
-28 -88
-26 82
-24 -218
-22 74
-20 242
-18 208
-16 60
-14 -244
-12 -68
-10 -54
-8 -206
-6 22
-4 202
-2 62
0 0
2 -62
4 -202
6 -22
8 206
10 54
12 68
14 244
16 -60
18 -208
20 -242
22 -74
24 218
26 -82
28 88
30 70
32 52
34 192
36 246
38 -256
40 8
42 -38
44 -72
46 50
48 64
50 -18
52 -40
54 -34
56 48
58 10
60 -24
62 26
64 254
66 42
68 -44
70 -30
72 20
74 2
76 -230
78 248
80 -250
82 -140
84 258
86 -200
88 -16
90 -220
92 182
94 204
96 190
98 -148
100 134
102 264
104 210
106 188
108 146
110 -212
112 166
114 -128
116 -142
118 260
120 -162
122 268
124 -274
126 -252
128 -138
130 -108
132 -170
134 -232
136 262
138 132
140 278
142 -276
144 194
146 -152
148 266
150 -240
152 198
154 -272
156 -226
158 -280
160 -130
162 104
164 -270
166 236
168 154
170 -168
172 -106
174 -100
176 178
178 112
180 -172
182 224
184 -238
186 196
188 -222
190 56
192 114
194 -176
196 214
198 136
200 102
202 228
204 234
206 -144
208 186
210 28
212 -6
214 36
216 14
218 -32
220 -126
222 -12
224 -46
226 -116
228 216
230 -184
232 78
234 -92
236 150
238 -76
240 90
242 -164
244 -158
246 124
248 -110
250 -84
252 122
254 180
256 -174
258 4
260 -58
262 160
264 98
266 -120
268 -94
270 156
272 86
274 -80
276 -118
278 -96
280 66
