569 285 59 59 82
-284 106
-282 100
-280 -134
-278 156
-276 -90
-274 -148
-272 158
-270 -128
-268 178
-266 -164
-264 -142
-262 -80
-260 126
-258 -176
-256 98
-254 184
-252 78
-250 88
-248 -170
-246 76
-244 -2
-242 -104
-240 -82
-238 32
-236 -14
-234 -8
-232 66
-230 192
-228 -62
-226 -92
-224 26
-222 220
-220 -114
-218 144
-216 154
-214 -4
-212 70
-210 24
-208 -122
-206 188
-204 -10
-202 196
-200 -226
-198 -240
-196 182
-194 108
-192 222
-190 212
-188 -254
-186 132
-184 102
-182 -172
-180 -130
-178 -116
-176 -162
-174 -272
-172 238
-170 136
-168 -146
-166 -174
-164 -94
-162 264
-160 -166
-158 -112
-156 -214
-154 204
-152 -242
-150 140
-148 -202
-146 120
-144 262
-142 -236
-140 -270
-138 -168
-136 -138
-134 284
-132 210
-130 -96
-128 -110
-126 224
-124 -278
-122 118
-120 246
-118 256
-116 -266
-114 160
-112 -150
-110 -280
-108 218
-106 -180
-104 -282
-102 208
-100 -274
-98 -260
-96 -206
-94 152
-92 186
-90 244
-88 12
-86 -276
-84 -28
-82 124
-80 -198
-78 268
-76 -190
-74 -34
-72 20
-70 -18
-68 48
-66 -6
-64 194
-62 -30
-60 -40
-58 -46
-56 258
-54 200
-52 36
-50 -248
-48 16
-46 38
-44 -72
-42 252
-40 -44
-38 74
-36 -60
-34 228
-32 -250
-30 42
-28 68
-26 50
-24 84
-22 -58
-20 -234
-18 86
-16 64
-14 -216
-12 56
-10 -54
-8 230
-6 -22
-4 -52
-2 -232
0 0
2 232
4 52
6 22
8 -230
10 54
12 -56
14 216
16 -64
18 -86
20 234
22 58
24 -84
26 -50
28 -68
30 -42
32 250
34 -228
36 60
38 -74
40 44
42 -252
44 72
46 -38
48 -16
50 248
52 -36
54 -200
56 -258
58 46
60 40
62 30
64 -194
66 6
68 -48
70 18
72 -20
74 34
76 190
78 -268
80 198
82 -124
84 28
86 276
88 -12
90 -244
92 -186
94 -152
96 206
98 260
100 274
102 -208
104 282
106 180
108 -218
110 280
112 150
114 -160
116 266
118 -256
120 -246
122 -118
124 278
126 -224
128 110
130 96
132 -210
134 -284
136 138
138 168
140 270
142 236
144 -262
146 -120
148 202
150 -140
152 242
154 -204
156 214
158 112
160 166
162 -264
164 94
166 174
168 146
170 -136
172 -238
174 272
176 162
178 116
180 130
182 172
184 -102
186 -132
188 254
190 -212
192 -222
194 -108
196 -182
198 240
200 226
202 -196
204 10
206 -188
208 122
210 -24
212 -70
214 4
216 -154
218 -144
220 114
222 -220
224 -26
226 92
228 62
230 -192
232 -66
234 8
236 14
238 -32
240 82
242 104
244 2
246 -76
248 170
250 -88
252 -78
254 -184
256 -98
258 176
260 -126
262 80
264 142
266 164
268 -178
270 128
272 -158
274 148
276 90
278 -156
280 134
282 -100
284 -106
