593 297 63 63 84
-296 -134
-294 -96
-292 -166
-290 104
-288 -146
-286 92
-284 162
-282 -144
-280 -86
-278 112
-276 -174
-274 -108
-272 -296
-270 68
-268 -186
-266 -76
-264 -178
-262 160
-260 170
-258 -180
-256 98
-254 -124
-252 -154
-250 132
-248 -126
-246 -176
-244 6
-242 156
-240 222
-238 -8
-236 26
-234 4
-232 218
-230 -12
-228 -74
-226 -24
-224 18
-222 216
-220 -130
-218 36
-216 110
-214 172
-212 -94
-210 -64
-208 -238
-206 -208
-204 -142
-202 -260
-200 122
-198 148
-196 -102
-194 220
-192 266
-190 128
-188 212
-186 -224
-184 38
-182 228
-180 -206
-178 120
-176 -182
-174 196
-172 106
-170 -152
-168 138
-166 168
-164 -114
-162 272
-160 294
-158 284
-156 -198
-154 -100
-152 118
-150 -116
-148 278
-146 184
-144 90
-142 -276
-140 150
-138 280
-136 -158
-134 -200
-132 270
-130 -140
-128 -202
-126 -236
-124 -274
-122 -136
-120 190
-118 -164
-116 290
-114 -288
-112 -226
-110 204
-108 -286
-106 188
-104 -210
-102 256
-100 262
-98 268
-96 246
-94 192
-92 282
-90 22
-88 32
-86 264
-84 -40
-82 -34
-80 194
-78 -292
-76 -234
-74 -46
-72 -254
-70 -2
-68 -28
-66 -252
-64 -48
-62 30
-60 -230
-58 42
-56 16
-54 10
-52 250
-50 54
-48 60
-46 -58
-44 72
-42 -50
-40 -44
-38 -248
-36 88
-34 -14
-32 52
-30 66
-28 -80
-26 240
-24 258
-22 -78
-20 -56
-18 -244
-16 242
-14 232
-12 20
-10 70
-8 -214
-6 -82
-4 84
-2 -62
0 0
2 62
4 -84
6 82
8 214
10 -70
12 -20
14 -232
16 -242
18 244
20 56
22 78
24 -258
26 -240
28 80
30 -66
32 -52
34 14
36 -88
38 248
40 44
42 50
44 -72
46 58
48 -60
50 -54
52 -250
54 -10
56 -16
58 -42
60 230
62 -30
64 48
66 252
68 28
70 2
72 254
74 46
76 234
78 292
80 -194
82 34
84 40
86 -264
88 -32
90 -22
92 -282
94 -192
96 -246
98 -268
100 -262
102 -256
104 210
106 -188
108 286
110 -204
112 226
114 288
116 -290
118 164
120 -190
122 136
124 274
126 236
128 202
130 140
132 -270
134 200
136 158
138 -280
140 -150
142 276
144 -90
146 -184
148 -278
150 116
152 -118
154 100
156 198
158 -284
160 -294
162 -272
164 114
166 -168
168 -138
170 152
172 -106
174 -196
176 182
178 -120
180 206
182 -228
184 -38
186 224
188 -212
190 -128
192 -266
194 -220
196 102
198 -148
200 -122
202 260
204 142
206 208
208 238
210 64
212 94
214 -172
216 -110
218 -36
220 130
222 -216
224 -18
226 24
228 74
230 12
232 -218
234 -4
236 -26
238 8
240 -222
242 -156
244 -6
246 176
248 126
250 -132
252 154
254 124
256 -98
258 180
260 -170
262 -160
264 178
266 76
268 186
270 -68
272 296
274 108
276 174
278 -112
280 86
282 144
284 -162
286 -92
288 146
290 -104
292 166
294 96
296 134
