773 387 81 81 111
-386 -156
-384 158
-382 -132
-380 134
-378 -172
-376 -218
-374 -228
-372 -162
-370 -116
-368 226
-366 236
-364 -118
-362 -196
-360 210
-358 160
-356 90
-354 -120
-352 -114
-350 -84
-348 66
-346 -232
-344 -174
-342 -248
-340 122
-338 -188
-336 -142
-334 200
-332 110
-330 100
-328 270
-326 -240
-324 198
-322 16
-320 -14
-318 -92
-316 242
-314 124
-312 146
-310 -276
-308 -238
-306 256
-304 -266
-302 12
-300 278
-298 252
-296 2
-294 312
-292 -10
-290 -32
-288 190
-286 -164
-284 -222
-282 20
-280 70
-278 208
-276 -138
-274 -332
-272 258
-270 -108
-268 -126
-266 144
-264 318
-262 68
-260 212
-258 -148
-256 -182
-254 136
-252 82
-250 -348
-248 -246
-246 340
-244 250
-242 180
-240 130
-238 -260
-236 338
-234 152
-232 234
-230 -128
-228 -202
-226 -274
-224 -350
-222 -140
-220 286
-218 176
-216 -166
-214 204
-212 186
-210 -300
-208 346
-206 384
-204 -214
-202 -184
-200 -382
-198 -168
-196 -150
-194 -368
-192 374
-190 336
-188 302
-186 360
-184 -170
-182 268
-180 -358
-178 -244
-176 -378
-174 -216
-172 262
-170 -288
-168 206
-166 -364
-164 194
-162 320
-160 -154
-158 -344
-156 -290
-154 -308
-152 386
-150 -372
-148 -254
-146 -224
-144 178
-142 220
-140 -330
-138 -192
-136 -354
-134 -264
-132 370
-130 380
-128 342
-126 280
-124 230
-122 376
-120 -334
-118 34
-116 -4
-114 22
-112 314
-110 272
-108 366
-106 18
-104 -28
-102 26
-100 -56
-98 304
-96 282
-94 54
-92 362
-90 -352
-88 -8
-86 58
-84 76
-82 -42
-80 -64
-78 62
-76 -40
-74 -86
-72 48
-70 -356
-68 -72
-66 -46
-64 -88
-62 6
-60 24
-58 38
-56 44
-54 -296
-52 104
-50 -324
-48 -80
-46 -102
-44 -36
-42 284
-40 326
-38 -98
-36 96
-34 30
-32 310
-30 74
-28 -298
-26 -316
-24 322
-22 -50
-20 52
-18 292
-16 -294
-14 78
-12 -306
-10 -328
-8 -60
-6 -94
-4 112
-2 106
0 0
2 -106
4 -112
6 94
8 60
10 328
12 306
14 -78
16 294
18 -292
20 -52
22 50
24 -322
26 316
28 298
30 -74
32 -310
34 -30
36 -96
38 98
40 -326
42 -284
44 36
46 102
48 80
50 324
52 -104
54 296
56 -44
58 -38
60 -24
62 -6
64 88
66 46
68 72
70 356
72 -48
74 86
76 40
78 -62
80 64
82 42
84 -76
86 -58
88 8
90 352
92 -362
94 -54
96 -282
98 -304
100 56
102 -26
104 28
106 -18
108 -366
110 -272
112 -314
114 -22
116 4
118 -34
120 334
122 -376
124 -230
126 -280
128 -342
130 -380
132 -370
134 264
136 354
138 192
140 330
142 -220
144 -178
146 224
148 254
150 372
152 -386
154 308
156 290
158 344
160 154
162 -320
164 -194
166 364
168 -206
170 288
172 -262
174 216
176 378
178 244
180 358
182 -268
184 170
186 -360
188 -302
190 -336
192 -374
194 368
196 150
198 168
200 382
202 184
204 214
206 -384
208 -346
210 300
212 -186
214 -204
216 166
218 -176
220 -286
222 140
224 350
226 274
228 202
230 128
232 -234
234 -152
236 -338
238 260
240 -130
242 -180
244 -250
246 -340
248 246
250 348
252 -82
254 -136
256 182
258 148
260 -212
262 -68
264 -318
266 -144
268 126
270 108
272 -258
274 332
276 138
278 -208
280 -70
282 -20
284 222
286 164
288 -190
290 32
292 10
294 -312
296 -2
298 -252
300 -278
302 -12
304 266
306 -256
308 238
310 276
312 -146
314 -124
316 -242
318 92
320 14
322 -16
324 -198
326 240
328 -270
330 -100
332 -110
334 -200
336 142
338 188
340 -122
342 248
344 174
346 232
348 -66
350 84
352 114
354 120
356 -90
358 -160
360 -210
362 196
364 118
366 -236
368 -226
370 116
372 162
374 228
376 218
378 172
380 -134
382 132
384 -158
386 156
