865 433 91 91 124
-432 -234
-430 164
-428 -226
-426 236
-424 214
-422 152
-420 134
-418 -204
-416 142
-414 -136
-412 -126
-410 240
-408 -138
-406 224
-404 230
-402 196
-400 -278
-398 144
-396 -400
-394 -140
-392 174
-390 188
-388 -194
-386 260
-384 -210
-382 -108
-380 146
-378 -72
-376 130
-374 292
-372 218
-370 -160
-368 -250
-366 256
-364 -286
-362 -308
-360 -34
-358 -316
-356 -166
-354 128
-352 -58
-350 12
-348 -18
-346 -24
-344 50
-342 -8
-340 14
-338 32
-336 -322
-334 176
-332 154
-330 -28
-328 114
-326 -36
-324 26
-322 20
-320 -182
-318 -192
-316 118
-314 184
-312 -314
-310 364
-308 206
-306 -172
-304 374
-302 -216
-300 306
-298 -156
-296 -262
-294 -132
-292 290
-290 232
-288 -310
-286 264
-284 190
-282 -380
-280 -298
-278 376
-276 -162
-274 -300
-272 -366
-270 180
-268 202
-266 116
-264 -302
-262 348
-260 -158
-258 -332
-256 -386
-254 372
-252 418
-250 392
-248 410
-246 200
-244 358
-242 252
-240 178
-238 -168
-236 186
-234 268
-232 -382
-230 248
-228 -170
-226 -272
-224 150
-222 -284
-220 -426
-218 -384
-216 246
-214 -220
-212 198
-210 404
-208 -238
-206 -428
-204 -254
-202 -212
-200 -430
-198 420
-196 334
-194 -276
-192 -282
-190 -296
-188 -422
-186 228
-184 222
-182 208
-180 258
-178 -244
-176 -394
-174 -432
-172 294
-170 -416
-168 -346
-166 396
-164 406
-162 424
-160 -270
-158 -304
-156 -398
-154 -340
-152 -390
-150 -412
-148 -318
-146 280
-144 402
-142 288
-140 378
-138 -388
-136 242
-134 320
-132 148
-130 -312
-128 -354
-126 408
-124 414
-122 38
-120 370
-118 -54
-116 -274
-114 -10
-112 -266
-110 66
-108 60
-106 2
-104 -52
-102 70
-100 44
-98 -78
-96 56
-94 30
-92 64
-90 368
-88 -40
-86 62
-84 -4
-82 -98
-80 -88
-78 -22
-76 16
-74 -6
-72 68
-70 -82
-68 -96
-66 46
-64 100
-62 -86
-60 -342
-58 -324
-56 124
-54 42
-52 -92
-50 -110
-48 -84
-46 356
-44 -76
-42 94
-40 48
-38 360
-36 -80
-34 352
-32 -104
-30 -344
-28 -326
-26 102
-24 -362
-22 336
-20 -120
-18 -328
-16 350
-14 106
-12 -330
-10 122
-8 338
-6 -90
-4 112
-2 74
0 0
2 -74
4 -112
6 90
8 -338
10 -122
12 330
14 -106
16 -350
18 328
20 120
22 -336
24 362
26 -102
28 326
30 344
32 104
34 -352
36 80
38 -360
40 -48
42 -94
44 76
46 -356
48 84
50 110
52 92
54 -42
56 -124
58 324
60 342
62 86
64 -100
66 -46
68 96
70 82
72 -68
74 6
76 -16
78 22
80 88
82 98
84 4
86 -62
88 40
90 -368
92 -64
94 -30
96 -56
98 78
100 -44
102 -70
104 52
106 -2
108 -60
110 -66
112 266
114 10
116 274
118 54
120 -370
122 -38
124 -414
126 -408
128 354
130 312
132 -148
134 -320
136 -242
138 388
140 -378
142 -288
144 -402
146 -280
148 318
150 412
152 390
154 340
156 398
158 304
160 270
162 -424
164 -406
166 -396
168 346
170 416
172 -294
174 432
176 394
178 244
180 -258
182 -208
184 -222
186 -228
188 422
190 296
192 282
194 276
196 -334
198 -420
200 430
202 212
204 254
206 428
208 238
210 -404
212 -198
214 220
216 -246
218 384
220 426
222 284
224 -150
226 272
228 170
230 -248
232 382
234 -268
236 -186
238 168
240 -178
242 -252
244 -358
246 -200
248 -410
250 -392
252 -418
254 -372
256 386
258 332
260 158
262 -348
264 302
266 -116
268 -202
270 -180
272 366
274 300
276 162
278 -376
280 298
282 380
284 -190
286 -264
288 310
290 -232
292 -290
294 132
296 262
298 156
300 -306
302 216
304 -374
306 172
308 -206
310 -364
312 314
314 -184
316 -118
318 192
320 182
322 -20
324 -26
326 36
328 -114
330 28
332 -154
334 -176
336 322
338 -32
340 -14
342 8
344 -50
346 24
348 18
350 -12
352 58
354 -128
356 166
358 316
360 34
362 308
364 286
366 -256
368 250
370 160
372 -218
374 -292
376 -130
378 72
380 -146
382 108
384 210
386 -260
388 194
390 -188
392 -174
394 140
396 400
398 -144
400 278
402 -196
404 -230
406 -224
408 138
410 -240
412 126
414 136
416 -142
418 204
420 -134
422 -152
424 -214
426 -236
428 226
430 -164
432 234
