885 443 93 93 127
-442 168
-440 202
-438 -240
-436 154
-434 -224
-432 -162
-430 -156
-428 174
-426 -108
-424 134
-422 208
-420 -218
-418 -160
-416 130
-414 -132
-412 -198
-410 -180
-408 -158
-406 -236
-404 -138
-402 204
-400 250
-398 188
-396 -118
-394 296
-392 -234
-390 -212
-388 298
-386 232
-384 -306
-382 288
-380 266
-378 -172
-376 -122
-374 8
-372 -146
-370 244
-368 -74
-366 -192
-364 46
-362 -16
-360 2
-358 32
-356 322
-354 148
-352 -270
-350 48
-348 -336
-346 -44
-344 -6
-342 80
-340 26
-338 -24
-336 42
-334 -248
-332 -330
-330 136
-328 354
-326 -184
-324 302
-322 332
-320 210
-318 52
-316 -282
-314 -352
-312 182
-310 364
-308 -186
-306 -348
-304 -314
-302 124
-300 254
-298 360
-296 -170
-294 -144
-292 290
-290 -316
-288 222
-286 128
-284 -402
-282 164
-280 -226
-278 384
-276 142
-274 420
-272 214
-270 -404
-268 -166
-266 -152
-264 -418
-262 -196
-260 216
-258 -304
-256 178
-254 -392
-252 -442
-250 300
-248 -242
-246 -140
-244 -426
-242 -228
-240 -190
-238 200
-236 398
-234 220
-232 434
-230 -252
-228 -422
-226 256
-224 310
-222 -280
-220 -150
-218 -308
-216 406
-214 284
-212 -194
-210 312
-208 -238
-206 -428
-204 246
-202 376
-200 274
-198 440
-196 -358
-194 -268
-192 -438
-190 -424
-188 206
-186 412
-184 -294
-182 176
-180 262
-178 -276
-176 362
-174 396
-172 390
-170 292
-168 -230
-166 -408
-164 -258
-162 432
-160 -326
-158 416
-156 -374
-154 324
-152 318
-150 -388
-148 -278
-146 380
-144 286
-142 372
-140 -430
-138 320
-136 382
-134 272
-132 410
-130 436
-128 378
-126 -38
-124 56
-122 18
-120 -20
-118 -264
-116 -36
-114 -22
-112 -60
-110 -34
-108 -414
-106 54
-104 12
-102 -30
-100 -68
-98 66
-96 76
-94 -90
-92 4
-90 400
-88 -386
-86 -94
-84 -28
-82 -368
-80 96
-78 106
-76 -100
-74 -260
-72 64
-70 -86
-68 -40
-66 -328
-64 104
-62 -14
-60 84
-58 70
-56 92
-54 50
-52 -72
-50 -10
-48 -112
-46 -356
-44 342
-42 114
-40 -370
-38 -82
-36 366
-34 98
-32 -116
-30 78
-28 -88
-26 126
-24 -350
-22 -58
-20 -394
-18 102
-16 338
-14 110
-12 -334
-10 -344
-8 -120
-6 62
-4 346
-2 340
0 0
2 -340
4 -346
6 -62
8 120
10 344
12 334
14 -110
16 -338
18 -102
20 394
22 58
24 350
26 -126
28 88
30 -78
32 116
34 -98
36 -366
38 82
40 370
42 -114
44 -342
46 356
48 112
50 10
52 72
54 -50
56 -92
58 -70
60 -84
62 14
64 -104
66 328
68 40
70 86
72 -64
74 260
76 100
78 -106
80 -96
82 368
84 28
86 94
88 386
90 -400
92 -4
94 90
96 -76
98 -66
100 68
102 30
104 -12
106 -54
108 414
110 34
112 60
114 22
116 36
118 264
120 20
122 -18
124 -56
126 38
128 -378
130 -436
132 -410
134 -272
136 -382
138 -320
140 430
142 -372
144 -286
146 -380
148 278
150 388
152 -318
154 -324
156 374
158 -416
160 326
162 -432
164 258
166 408
168 230
170 -292
172 -390
174 -396
176 -362
178 276
180 -262
182 -176
184 294
186 -412
188 -206
190 424
192 438
194 268
196 358
198 -440
200 -274
202 -376
204 -246
206 428
208 238
210 -312
212 194
214 -284
216 -406
218 308
220 150
222 280
224 -310
226 -256
228 422
230 252
232 -434
234 -220
236 -398
238 -200
240 190
242 228
244 426
246 140
248 242
250 -300
252 442
254 392
256 -178
258 304
260 -216
262 196
264 418
266 152
268 166
270 404
272 -214
274 -420
276 -142
278 -384
280 226
282 -164
284 402
286 -128
288 -222
290 316
292 -290
294 144
296 170
298 -360
300 -254
302 -124
304 314
306 348
308 186
310 -364
312 -182
314 352
316 282
318 -52
320 -210
322 -332
324 -302
326 184
328 -354
330 -136
332 330
334 248
336 -42
338 24
340 -26
342 -80
344 6
346 44
348 336
350 -48
352 270
354 -148
356 -322
358 -32
360 -2
362 16
364 -46
366 192
368 74
370 -244
372 146
374 -8
376 122
378 172
380 -266
382 -288
384 306
386 -232
388 -298
390 212
392 234
394 -296
396 118
398 -188
400 -250
402 -204
404 138
406 236
408 158
410 180
412 198
414 132
416 -130
418 160
420 218
422 -208
424 -134
426 108
428 -174
430 156
432 162
434 224
436 -154
438 240
440 -202
442 -168
