917 459 97 97 131
-458 -172
-456 182
-454 212
-452 150
-450 240
-448 -238
-446 -148
-444 -138
-442 236
-440 246
-438 272
-436 -274
-434 -80
-432 270
-430 -136
-428 -230
-426 -152
-424 170
-422 140
-420 158
-418 -276
-416 202
-414 28
-412 154
-410 -244
-408 -218
-406 -418
-404 -14
-402 316
-400 -186
-398 -72
-396 -146
-394 164
-392 -210
-390 -312
-388 318
-386 -256
-384 -22
-382 -208
-380 162
-378 -176
-376 -338
-374 4
-372 -38
-370 216
-368 -350
-366 332
-364 -282
-362 -16
-360 -30
-358 60
-356 42
-354 156
-352 178
-350 -200
-348 2
-346 304
-344 142
-342 32
-340 302
-338 20
-336 190
-334 -128
-332 -10
-330 -308
-328 -174
-326 348
-324 -374
-322 -384
-320 -82
-318 396
-316 366
-314 220
-312 286
-310 294
-308 -122
-306 -204
-304 242
-302 -188
-300 130
-298 180
-296 -262
-294 -324
-292 402
-290 -192
-288 -378
-286 288
-284 -394
-282 -400
-280 -266
-278 144
-276 134
-274 160
-272 -166
-270 -228
-268 342
-266 184
-264 -386
-262 -196
-260 206
-258 388
-256 198
-254 404
-252 -226
-250 -420
-248 -258
-246 260
-244 214
-242 380
-240 430
-238 284
-236 -454
-234 -232
-232 250
-230 -300
-228 -222
-226 -168
-224 -450
-222 408
-220 -306
-218 444
-216 -354
-214 224
-212 278
-210 -452
-208 446
-206 -280
-204 310
-202 -336
-200 194
-198 -376
-196 322
-194 -248
-192 442
-190 424
-188 -234
-186 -448
-184 406
-182 -428
-180 -434
-178 268
-176 298
-174 -432
-172 330
-170 436
-168 458
-166 -456
-164 -290
-162 264
-160 -254
-158 -440
-156 426
-154 252
-152 -382
-150 -296
-148 -414
-146 392
-144 326
-142 320
-140 -334
-138 416
-136 -56
-134 -292
-132 438
-130 -364
-128 422
-126 18
-124 24
-122 50
-120 -398
-118 -66
-116 48
-114 54
-112 76
-110 -412
-108 52
-106 -328
-104 390
-102 78
-100 -12
-98 -6
-96 44
-94 62
-92 -88
-90 -26
-88 410
-86 -102
-84 -36
-82 -46
-80 40
-78 106
-76 -8
-74 118
-72 -64
-70 -90
-68 -96
-66 58
-64 -108
-62 -94
-60 -84
-58 70
-56 120
-54 -114
-52 100
-50 -126
-48 68
-46 -86
-44 -314
-42 372
-40 -358
-38 34
-36 -346
-34 368
-32 -116
-30 356
-28 104
-26 -340
-24 112
-22 360
-20 -132
-18 -74
-16 -124
-14 -110
-12 92
-10 -352
-8 362
-6 -344
-4 -370
-2 98
0 0
2 -98
4 370
6 344
8 -362
10 352
12 -92
14 110
16 124
18 74
20 132
22 -360
24 -112
26 340
28 -104
30 -356
32 116
34 -368
36 346
38 -34
40 358
42 -372
44 314
46 86
48 -68
50 126
52 -100
54 114
56 -120
58 -70
60 84
62 94
64 108
66 -58
68 96
70 90
72 64
74 -118
76 8
78 -106
80 -40
82 46
84 36
86 102
88 -410
90 26
92 88
94 -62
96 -44
98 6
100 12
102 -78
104 -390
106 328
108 -52
110 412
112 -76
114 -54
116 -48
118 66
120 398
122 -50
124 -24
126 -18
128 -422
130 364
132 -438
134 292
136 56
138 -416
140 334
142 -320
144 -326
146 -392
148 414
150 296
152 382
154 -252
156 -426
158 440
160 254
162 -264
164 290
166 456
168 -458
170 -436
172 -330
174 432
176 -298
178 -268
180 434
182 428
184 -406
186 448
188 234
190 -424
192 -442
194 248
196 -322
198 376
200 -194
202 336
204 -310
206 280
208 -446
210 452
212 -278
214 -224
216 354
218 -444
220 306
222 -408
224 450
226 168
228 222
230 300
232 -250
234 232
236 454
238 -284
240 -430
242 -380
244 -214
246 -260
248 258
250 420
252 226
254 -404
256 -198
258 -388
260 -206
262 196
264 386
266 -184
268 -342
270 228
272 166
274 -160
276 -134
278 -144
280 266
282 400
284 394
286 -288
288 378
290 192
292 -402
294 324
296 262
298 -180
300 -130
302 188
304 -242
306 204
308 122
310 -294
312 -286
314 -220
316 -366
318 -396
320 82
322 384
324 374
326 -348
328 174
330 308
332 10
334 128
336 -190
338 -20
340 -302
342 -32
344 -142
346 -304
348 -2
350 200
352 -178
354 -156
356 -42
358 -60
360 30
362 16
364 282
366 -332
368 350
370 -216
372 38
374 -4
376 338
378 176
380 -162
382 208
384 22
386 256
388 -318
390 312
392 210
394 -164
396 146
398 72
400 186
402 -316
404 14
406 418
408 218
410 244
412 -154
414 -28
416 -202
418 276
420 -158
422 -140
424 -170
426 152
428 230
430 136
432 -270
434 80
436 274
438 -272
440 -246
442 -236
444 138
446 148
448 238
450 -240
452 -150
454 -212
456 -182
458 172
