965 483 101 101 139
-482 -232
-480 214
-478 -124
-476 154
-474 -176
-472 -274
-470 248
-468 -234
-466 -140
-464 150
-462 180
-460 -166
-458 -200
-456 210
-454 -228
-452 -278
-450 -204
-448 230
-446 288
-444 174
-442 -280
-440 246
-438 76
-436 158
-434 -284
-432 142
-430 220
-428 330
-426 -152
-424 138
-422 -304
-420 186
-418 236
-416 118
-414 -340
-412 -134
-410 -172
-408 -74
-406 -20
-404 322
-402 -148
-400 262
-398 24
-396 18
-394 -272
-392 -294
-390 80
-388 162
-386 60
-384 -14
-382 320
-380 30
-378 344
-376 -190
-374 -184
-372 -42
-370 -12
-368 -390
-366 388
-364 346
-362 32
-360 6
-358 40
-356 202
-354 192
-352 -70
-350 144
-348 350
-346 404
-344 -178
-342 -136
-340 226
-338 308
-336 286
-334 -300
-332 222
-330 -368
-328 -410
-326 420
-324 414
-322 -428
-320 -270
-318 -306
-316 182
-314 164
-312 206
-310 380
-308 -334
-306 160
-304 -438
-302 -212
-300 442
-298 224
-296 -238
-294 -168
-292 -282
-290 392
-288 -382
-286 -156
-284 -218
-282 448
-280 -170
-278 -456
-276 -198
-274 328
-272 -266
-270 -216
-268 -426
-266 -412
-264 -446
-262 -264
-260 -146
-258 -240
-256 -298
-254 188
-252 -454
-250 424
-248 254
-246 260
-244 196
-242 472
-240 418
-238 -252
-236 194
-234 -296
-232 258
-230 -460
-228 -314
-226 480
-224 302
-222 348
-220 -290
-218 208
-216 -354
-214 -244
-212 250
-210 -256
-208 -310
-206 324
-204 -470
-202 -416
-200 -462
-198 440
-196 242
-194 316
-192 -402
-190 -432
-188 482
-186 400
-184 -378
-182 268
-180 430
-178 364
-176 450
-174 -464
-172 -474
-170 408
-168 -338
-166 468
-164 -434
-162 292
-160 422
-158 -312
-156 326
-154 -476
-152 -458
-150 -436
-148 -466
-146 452
-144 342
-142 332
-140 398
-138 10
-136 -358
-134 -276
-132 36
-130 -62
-128 -72
-126 -46
-124 8
-122 58
-120 64
-118 -336
-116 318
-114 26
-112 478
-110 2
-108 48
-106 90
-104 -52
-102 -38
-100 28
-98 22
-96 -100
-94 -66
-92 84
-90 54
-88 4
-86 -102
-84 -92
-82 106
-80 112
-78 -34
-76 -108
-74 126
-72 44
-70 -94
-68 56
-66 -114
-64 -374
-62 -82
-60 16
-58 78
-56 96
-54 50
-52 120
-50 -396
-48 -386
-46 -86
-44 -104
-42 122
-40 -128
-38 -352
-36 370
-34 -384
-32 -68
-30 -372
-28 132
-26 -98
-24 366
-22 -130
-20 -116
-18 356
-16 362
-14 444
-12 406
-10 -110
-8 394
-6 376
-4 -88
-2 360
0 0
2 -360
4 88
6 -376
8 -394
10 110
12 -406
14 -444
16 -362
18 -356
20 116
22 130
24 -366
26 98
28 -132
30 372
32 68
34 384
36 -370
38 352
40 128
42 -122
44 104
46 86
48 386
50 396
52 -120
54 -50
56 -96
58 -78
60 -16
62 82
64 374
66 114
68 -56
70 94
72 -44
74 -126
76 108
78 34
80 -112
82 -106
84 92
86 102
88 -4
90 -54
92 -84
94 66
96 100
98 -22
100 -28
102 38
104 52
106 -90
108 -48
110 -2
112 -478
114 -26
116 -318
118 336
120 -64
122 -58
124 -8
126 46
128 72
130 62
132 -36
134 276
136 358
138 -10
140 -398
142 -332
144 -342
146 -452
148 466
150 436
152 458
154 476
156 -326
158 312
160 -422
162 -292
164 434
166 -468
168 338
170 -408
172 474
174 464
176 -450
178 -364
180 -430
182 -268
184 378
186 -400
188 -482
190 432
192 402
194 -316
196 -242
198 -440
200 462
202 416
204 470
206 -324
208 310
210 256
212 -250
214 244
216 354
218 -208
220 290
222 -348
224 -302
226 -480
228 314
230 460
232 -258
234 296
236 -194
238 252
240 -418
242 -472
244 -196
246 -260
248 -254
250 -424
252 454
254 -188
256 298
258 240
260 146
262 264
264 446
266 412
268 426
270 216
272 266
274 -328
276 198
278 456
280 170
282 -448
284 218
286 156
288 382
290 -392
292 282
294 168
296 238
298 -224
300 -442
302 212
304 438
306 -160
308 334
310 -380
312 -206
314 -164
316 -182
318 306
320 270
322 428
324 -414
326 -420
328 410
330 368
332 -222
334 300
336 -286
338 -308
340 -226
342 136
344 178
346 -404
348 -350
350 -144
352 70
354 -192
356 -202
358 -40
360 -6
362 -32
364 -346
366 -388
368 390
370 12
372 42
374 184
376 190
378 -344
380 -30
382 -320
384 14
386 -60
388 -162
390 -80
392 294
394 272
396 -18
398 -24
400 -262
402 148
404 -322
406 20
408 74
410 172
412 134
414 340
416 -118
418 -236
420 -186
422 304
424 -138
426 152
428 -330
430 -220
432 -142
434 284
436 -158
438 -76
440 -246
442 280
444 -174
446 -288
448 -230
450 204
452 278
454 228
456 -210
458 200
460 166
462 -180
464 -150
466 140
468 234
470 -248
472 274
474 176
476 -154
478 124
480 -214
482 232
